254 254 254 254 254 254 254 254 254 254 254 254 254 254 254 254
254 254 254 254 254 254 254 254 254 254 254 254 254 254 254 254
254 254 254 254 239 202 202 236 236 202 202 239 254 254 254 254
254 254 254 245 153  11  11 141 142  11  11 151 243 254 254 254
254 254 239 153   0  25  50   0   0   0   0   0 145 239 254 254
254 254 202  11  25 117 114   0   0   0   0   0  11 202 254 254
254 254 202  11  50 114   0   0   0   0   0   0  11 202 254 254
254 254 236 141   0   0   0   0   0   0   0   0 133 236 254 254
254 254 254 208   0   0   0   0   0   0   0   0 196 254 254 254
254 254 254 239 126   0   0   0   0   0   0 124 235 254 254 254
254 254 254 254 225  95   0   0   0   0  92 224 254 254 254 254
254 254 254 254 254 226 130   0   0 124 224 254 254 254 254 254
254 254 254 254 254 254 237  73  72 235 254 254 254 254 254 254
254 254 254 254 254 254 254 219 219 254 254 254 254 254 254 254
254 254 254 254 254 254 254 254 254 254 254 254 254 254 254 254
254 254 254 254 254 254 254 254 254 254 254 254 254 254 254 254
254 254 254 254 254 254 254 254 254 254 254 254 254 254 254 254
254 254 254 254 254 254 254 254 254 254 254 254 254 254 254 254
254 254 254 254 239 202 202 236 236 202 202 239 254 254 254 254
254 254 254 245 153  11  11 141 142  11  11 152 243 254 254 254
254 254 239 153   0  25  50   0   0   0   0   0 145 239 254 254
254 254 202  11  25 117 114   0   0   0   0   0  11 202 254 254
254 254 202  11  50 114   0   0   0   0   0   0  11 202 254 254
254 254 236 141   0   0   0   0   0   0   0   0 133 236 254 254
254 254 254 208   0   0   0   0   0   0   0   0 196 254 254 254
254 254 254 239 126   0   0   0   0   0   0 124 235 254 254 254
254 254 254 254 225  95   0   0   0   0  92 224 254 254 254 254
254 254 254 254 254 226 130   0   0 124 224 254 254 254 254 254
254 254 254 254 254 254 237  73  72 235 254 254 254 254 254 254
254 254 254 254 254 254 254 219 219 254 254 254 254 254 254 254
254 254 254 254 254 254 254 254 254 254 254 254 254 254 254 254
254 254 254 254 254 254 254 254 254 254 254 254 254 254 254 254
254 254 254 254 254 254 254 254 254 254 254 254 254 254 254 254
254 254 254 254 254 254 254 254 254 254 254 254 254 254 254 254
254 254 254 254 239 202 202 236 236 202 202 239 254 254 254 254
254 254 254 245 153  11  11 141 142  11  11 151 243 254 254 254
254 254 239 153   0  25  50   0   0   0   0   0 145 239 254 254
254 254 202  11  25 117 114   0   0   0   0   0  11 202 254 254
254 254 202  11  50 114   0   0   0   0   0   0  11 202 254 254
254 254 236 141   0   0   0   0   0   0   0   0 133 236 254 254
254 254 254 208   0   0   0   0   0   0   0   0 196 254 254 254
254 254 254 239 126   0   0   0   0   0   0 124 235 254 254 254
254 254 254 254 225  95   0   0   0   0  92 224 254 254 254 254
254 254 254 254 254 226 130   0   0 124 224 254 254 254 254 254
254 254 254 254 254 254 237  73  72 235 254 254 254 254 254 254
254 254 254 254 254 254 254 219 219 254 254 254 254 254 254 254
254 254 254 254 254 254 254 254 254 254 254 254 254 254 254 254
254 254 254 254 254 254 254 254 254 254 254 254 254 254 254 254

254 254 254 254 254 254 254 254 254 254 254 254 254 254 254 254
254 254 254 254 254 254 254 254 254 254 254 254 254 254 254 254
254 254 254 254 240 202 202 236 254 254 254 254 254 254 254 254
254 254 254 243 145  12  12 134 196 236 254 254 254 254 254 254
254 254 239 152   0   0   0   0   0 125 225 254 254 254 254 254
254 254 202  12   0   0   0   0   0   0  92 225 254 254 254 254
254 254 202  12   0   0   0   0   0   0   0 125 236 254 254 254
254 254 237 142   0   0   0   0   0   0   0   0  72 219 254 254
254 254 236 142   0   0   0   0   0   0   0   0  73 220 254 254
254 254 202  12  50 115   0   0   0   0   0 131 237 254 254 254
254 254 202  12  26 117 115   0   0   0  96 226 254 254 254 254
254 254 240 154   0  26  50   0   0 126 226 254 254 254 254 254
254 254 254 246 154  12  12 142 208 240 254 254 254 254 254 254
254 254 254 254 240 202 202 236 254 254 254 254 254 254 254 254
254 254 254 254 254 254 254 254 254 254 254 254 254 254 254 254
254 254 254 254 254 254 254 254 254 254 254 254 254 254 254 254
254 254 254 254 254 254 254 254 254 254 254 254 254 254 254 254
254 254 254 254 254 254 254 254 254 254 254 254 254 254 254 254
254 254 254 254 240 202 202 236 254 254 254 254 254 254 254 254
254 254 254 243 145  12  12 134 196 236 254 254 254 254 254 254
254 254 239 152   0   0   0   0   0 125 225 254 254 254 254 254
254 254 202  12   0   0   0   0   0   0  92 225 254 254 254 254
254 254 202  12   0   0   0   0   0   0   0 125 236 254 254 254
254 254 237 142   0   0   0   0   0   0   0   0  72 219 254 254
254 254 236 142   0   0   0   0   0   0   0   0  74 220 254 254
254 254 202  12  50 115   0   0   0   0   0 131 238 254 254 254
254 254 202  12  26 117 115   0   0   0  96 226 254 254 254 254
254 254 240 154   0  26  50   0   0 126 226 254 254 254 254 254
254 254 254 246 154  12  12 142 208 240 254 254 254 254 254 254
254 254 254 254 240 202 202 236 254 254 254 254 254 254 254 254
254 254 254 254 254 254 254 254 254 254 254 254 254 254 254 254
254 254 254 254 254 254 254 254 254 254 254 254 254 254 254 254
254 254 254 254 254 254 254 254 254 254 254 254 254 254 254 254
254 254 254 254 254 254 254 254 254 254 254 254 254 254 254 254
254 254 254 254 240 202 202 236 254 254 254 254 254 254 254 254
254 254 254 243 145  12  12 134 196 236 254 254 254 254 254 254
254 254 239 152   0   0   0   0   0 125 225 254 254 254 254 254
254 254 202  12   0   0   0   0   0   0  92 225 254 254 254 254
254 254 202  12   0   0   0   0   0   0   0 125 236 254 254 254
254 254 237 142   0   0   0   0   0   0   0   0  72 219 254 254
254 254 236 142   0   0   0   0   0   0   0   0  73 220 254 254
254 254 202  12  50 115   0   0   0   0   0 131 237 254 254 254
254 254 202  12  26 117 115   0   0   0  96 226 254 254 254 254
254 254 240 154   0  26  50   0   0 126 226 254 254 254 254 254
254 254 254 246 154  12  12 142 208 240 254 254 254 254 254 254
254 254 254 254 240 202 202 236 254 254 254 254 254 254 254 254
254 254 254 254 254 254 254 254 254 254 254 254 254 254 254 254
254 254 254 254 254 254 254 254 254 254 254 254 254 254 254 254

254 254 254 254 254 254 254 254 254 254 254 254 254 254 254 254
254 254 254 254 254 254 254 254 254 254 254 254 254 254 254 254
254 254 254 254 254 254 254 219 220 254 254 254 254 254 254 254
254 254 254 254 254 254 236  72  73 237 254 254 254 254 254 254
254 254 254 254 254 225 125   0   0 131 226 254 254 254 254 254
254 254 254 254 225  92   0   0   0   0  96 226 254 254 254 254
254 254 254 236 125   0   0   0   0   0   0 126 240 254 254 254
254 254 254 196   0   0   0   0   0   0   0   0 208 254 254 254
254 254 236 134   0   0   0   0   0   0   0   0 142 236 254 254
254 254 202  12   0   0   0   0   0   0 115  50  12 202 254 254
254 254 202  12   0   0   0   0   0 115 117  26  12 202 254 254
254 254 240 145   0   0   0   0   0  50  26   0 154 240 254 254
254 254 254 243 152  12  12 142 142  12  12 154 246 254 254 254
254 254 254 254 239 202 202 237 236 202 202 240 254 254 254 254
254 254 254 254 254 254 254 254 254 254 254 254 254 254 254 254
254 254 254 254 254 254 254 254 254 254 254 254 254 254 254 254
254 254 254 254 254 254 254 254 254 254 254 254 254 254 254 254
254 254 254 254 254 254 254 254 254 254 254 254 254 254 254 254
254 254 254 254 254 254 254 219 220 254 254 254 254 254 254 254
254 254 254 254 254 254 236  72  74 238 254 254 254 254 254 254
254 254 254 254 254 225 125   0   0 131 226 254 254 254 254 254
254 254 254 254 225  92   0   0   0   0  96 226 254 254 254 254
254 254 254 236 125   0   0   0   0   0   0 126 240 254 254 254
254 254 254 196   0   0   0   0   0   0   0   0 208 254 254 254
254 254 236 134   0   0   0   0   0   0   0   0 142 236 254 254
254 254 202  12   0   0   0   0   0   0 115  50  12 202 254 254
254 254 202  12   0   0   0   0   0 115 117  26  12 202 254 254
254 254 240 145   0   0   0   0   0  50  26   0 154 240 254 254
254 254 254 243 152  12  12 142 142  12  12 154 246 254 254 254
254 254 254 254 239 202 202 237 236 202 202 240 254 254 254 254
254 254 254 254 254 254 254 254 254 254 254 254 254 254 254 254
254 254 254 254 254 254 254 254 254 254 254 254 254 254 254 254
254 254 254 254 254 254 254 254 254 254 254 254 254 254 254 254
254 254 254 254 254 254 254 254 254 254 254 254 254 254 254 254
254 254 254 254 254 254 254 219 220 254 254 254 254 254 254 254
254 254 254 254 254 254 236  72  73 237 254 254 254 254 254 254
254 254 254 254 254 225 125   0   0 131 226 254 254 254 254 254
254 254 254 254 225  92   0   0   0   0  96 226 254 254 254 254
254 254 254 236 125   0   0   0   0   0   0 126 240 254 254 254
254 254 254 196   0   0   0   0   0   0   0   0 208 254 254 254
254 254 236 134   0   0   0   0   0   0   0   0 142 236 254 254
254 254 202  12   0   0   0   0   0   0 115  50  12 202 254 254
254 254 202  12   0   0   0   0   0 115 117  26  12 202 254 254
254 254 240 145   0   0   0   0   0  50  26   0 154 240 254 254
254 254 254 243 152  12  12 142 142  12  12 154 246 254 254 254
254 254 254 254 239 202 202 237 236 202 202 240 254 254 254 254
254 254 254 254 254 254 254 254 254 254 254 254 254 254 254 254
254 254 254 254 254 254 254 254 254 254 254 254 254 254 254 254

254 254 254 254 254 254 254 254 254 254 254 254 254 254 254 254
254 254 254 254 254 254 254 254 254 254 254 254 254 254 254 254
254 254 254 254 254 254 254 254 236 202 202 240 254 254 254 254
254 254 254 254 254 254 240 208 142  12  12 154 246 254 254 254
254 254 254 254 254 226 126   0   0  50  26   0 154 240 254 254
254 254 254 254 226  96   0   0   0 115 117  26  12 202 254 254
254 254 254 237 131   0   0   0   0   0 115  50  12 202 254 254
254 254 220  73   0   0   0   0   0   0   0   0 142 236 254 254
254 254 219  72   0   0   0   0   0   0   0   0 142 237 254 254
254 254 254 236 125   0   0   0   0   0   0   0  12 202 254 254
254 254 254 254 225  92   0   0   0   0   0   0  12 202 254 254
254 254 254 254 254 225 125   0   0   0   0   0 152 239 254 254
254 254 254 254 254 254 236 196 134  12  12 145 243 254 254 254
254 254 254 254 254 254 254 254 236 202 202 240 254 254 254 254
254 254 254 254 254 254 254 254 254 254 254 254 254 254 254 254
254 254 254 254 254 254 254 254 254 254 254 254 254 254 254 254
254 254 254 254 254 254 254 254 254 254 254 254 254 254 254 254
254 254 254 254 254 254 254 254 254 254 254 254 254 254 254 254
254 254 254 254 254 254 254 254 236 202 202 240 254 254 254 254
254 254 254 254 254 254 240 208 142  12  12 154 246 254 254 254
254 254 254 254 254 226 126   0   0  50  26   0 154 240 254 254
254 254 254 254 226  96   0   0   0 115 117  26  12 202 254 254
254 254 254 238 131   0   0   0   0   0 115  50  12 202 254 254
254 254 220  74   0   0   0   0   0   0   0   0 142 236 254 254
254 254 219  72   0   0   0   0   0   0   0   0 142 237 254 254
254 254 254 236 125   0   0   0   0   0   0   0  12 202 254 254
254 254 254 254 225  92   0   0   0   0   0   0  12 202 254 254
254 254 254 254 254 225 125   0   0   0   0   0 152 239 254 254
254 254 254 254 254 254 236 196 134  12  12 145 243 254 254 254
254 254 254 254 254 254 254 254 236 202 202 240 254 254 254 254
254 254 254 254 254 254 254 254 254 254 254 254 254 254 254 254
254 254 254 254 254 254 254 254 254 254 254 254 254 254 254 254
254 254 254 254 254 254 254 254 254 254 254 254 254 254 254 254
254 254 254 254 254 254 254 254 254 254 254 254 254 254 254 254
254 254 254 254 254 254 254 254 236 202 202 240 254 254 254 254
254 254 254 254 254 254 240 208 142  12  12 154 246 254 254 254
254 254 254 254 254 226 126   0   0  50  26   0 154 240 254 254
254 254 254 254 226  96   0   0   0 115 117  26  12 202 254 254
254 254 254 237 131   0   0   0   0   0 115  50  12 202 254 254
254 254 220  73   0   0   0   0   0   0   0   0 142 236 254 254
254 254 219  72   0   0   0   0   0   0   0   0 142 237 254 254
254 254 254 236 125   0   0   0   0   0   0   0  12 202 254 254
254 254 254 254 225  92   0   0   0   0   0   0  12 202 254 254
254 254 254 254 254 225 125   0   0   0   0   0 152 239 254 254
254 254 254 254 254 254 236 196 134  12  12 145 243 254 254 254
254 254 254 254 254 254 254 254 236 202 202 240 254 254 254 254
254 254 254 254 254 254 254 254 254 254 254 254 254 254 254 254
254 254 254 254 254 254 254 254 254 254 254 254 254 254 254 254
